# eps0    chi2_total    delta_total
-0.100000   2706.376199     33.953121
-0.099000   2705.875588     33.452510
-0.098000   2705.378502     32.955424
-0.097000   2704.884932     32.461854
-0.096000   2704.394869     31.971792
-0.095000   2703.908305     31.485227
-0.094000   2703.425231     31.002153
-0.093000   2702.945637     30.522559
-0.092000   2702.469515     30.046438
-0.091000   2701.996857     29.573779
-0.090000   2701.527654     29.104576
-0.089000   2701.061896     28.638818
-0.088000   2700.599576     28.176498
-0.087000   2700.140685     27.717607
-0.086000   2699.685214     27.262136
-0.085000   2699.233154     26.810076
-0.084000   2698.784497     26.361420
-0.083000   2698.339235     25.916158
-0.082000   2697.897359     25.474282
-0.081000   2697.458861     25.035783
-0.080000   2697.023732     24.600654
-0.079000   2696.591963     24.168885
-0.078000   2696.163547     23.740469
-0.077000   2695.738474     23.315397
-0.076000   2695.316737     22.893660
-0.075000   2694.898328     22.475250
-0.074000   2694.483237     22.060159
-0.073000   2694.071457     21.648379
-0.072000   2693.662979     21.239901
-0.071000   2693.257795     20.834717
-0.070000   2692.855897     20.432820
-0.069000   2692.457277     20.034200
-0.068000   2692.061927     19.638849
-0.067000   2691.669838     19.246760
-0.066000   2691.281002     18.857924
-0.065000   2690.895411     18.472334
-0.064000   2690.513058     18.089980
-0.063000   2690.133934     17.710856
-0.062000   2689.758030     17.334953
-0.061000   2689.385340     16.962262
-0.060000   2689.015855     16.592777
-0.059000   2688.649567     16.226489
-0.058000   2688.286468     15.863390
-0.057000   2687.926550     15.503473
-0.056000   2687.569806     15.146729
-0.055000   2687.216227     14.793150
-0.054000   2686.865806     14.442729
-0.053000   2686.518535     14.095457
-0.052000   2686.174406     13.751328
-0.051000   2685.833411     13.410333
-0.050000   2685.495542     13.072465
-0.049000   2685.160792     12.737715
-0.048000   2684.829154     12.406076
-0.047000   2684.500618     12.077541
-0.046000   2684.175178     11.752101
-0.045000   2683.852827     11.429749
-0.044000   2683.533555     11.110478
-0.043000   2683.217357     10.794279
-0.042000   2682.904223     10.481146
-0.041000   2682.594148     10.171070
-0.040000   2682.287122      9.864044
-0.039000   2681.983139      9.560061
-0.038000   2681.682190      9.259113
-0.037000   2681.384270      8.961192
-0.036000   2681.089369      8.666292
-0.035000   2680.797482      8.374404
-0.034000   2680.508599      8.085521
-0.033000   2680.222714      7.799637
-0.032000   2679.939820      7.516743
-0.031000   2679.659909      7.236831
-0.030000   2679.382974      6.959896
-0.029000   2679.109007      6.685929
-0.028000   2678.838001      6.414923
-0.027000   2678.569949      6.146872
-0.026000   2678.304844      5.881766
-0.025000   2678.042678      5.619601
-0.024000   2677.783445      5.360367
-0.023000   2677.527136      5.104058
-0.022000   2677.273745      4.850668
-0.021000   2677.023265      4.600187
-0.020000   2676.775688      4.352611
-0.019000   2676.531008      4.107931
-0.018000   2676.289217      3.866140
-0.017000   2676.050309      3.627231
-0.016000   2675.814275      3.391197
-0.015000   2675.581110      3.158032
-0.014000   2675.350805      2.927728
-0.013000   2675.123355      2.700278
-0.012000   2674.898752      2.475675
-0.011000   2674.676989      2.253912
-0.010000   2674.458060      2.034982
-0.009000   2674.241956      1.818879
-0.008000   2674.028672      1.605595
-0.007000   2673.818201      1.395123
-0.006000   2673.610535      1.187458
-0.005000   2673.405668      0.982591
-0.004000   2673.203594      0.780516
-0.003000   2673.004304      0.581226
-0.002000   2672.807792      0.384715
-0.001000   2672.614053      0.190975
+0.000000   2672.423078      0.000000
+0.001000   2672.234861     -0.188217
+0.002000   2672.049395     -0.373682
+0.003000   2671.866675     -0.556403
+0.004000   2671.686692     -0.736386
+0.005000   2671.509441     -0.913637
+0.006000   2671.334914     -1.088163
+0.007000   2671.163106     -1.259972
+0.008000   2670.994009     -1.429069
+0.009000   2670.827617     -1.595461
+0.010000   2670.663923     -1.759155
+0.011000   2670.502921     -1.920157
+0.012000   2670.344604     -2.078474
+0.013000   2670.188966     -2.234112
+0.014000   2670.036000     -2.387078
+0.015000   2669.885700     -2.537378
+0.016000   2669.738059     -2.685019
+0.017000   2669.593071     -2.830007
+0.018000   2669.450729     -2.972348
+0.019000   2669.311028     -3.112050
+0.020000   2669.173959     -3.249118
+0.021000   2669.039519     -3.383559
+0.022000   2668.907698     -3.515379
+0.023000   2668.778493     -3.644585
+0.024000   2668.651895     -3.771182
+0.025000   2668.527900     -3.895178
+0.026000   2668.406500     -4.016578
+0.027000   2668.287689     -4.135388
+0.028000   2668.171462     -4.251616
+0.029000   2668.057811     -4.365267
+0.030000   2667.946730     -4.476347
+0.031000   2667.838214     -4.584863
+0.032000   2667.732256     -4.690821
+0.033000   2667.628851     -4.794227
+0.034000   2667.527991     -4.895087
+0.035000   2667.429670     -4.993407
+0.036000   2667.333884     -5.089194
+0.037000   2667.240624     -5.182453
+0.038000   2667.149886     -5.273191
+0.039000   2667.061664     -5.361414
+0.040000   2666.975950     -5.447128
+0.041000   2666.892740     -5.530338
+0.042000   2666.812027     -5.611051
+0.043000   2666.733805     -5.689273
+0.044000   2666.658068     -5.765010
+0.045000   2666.584810     -5.838268
+0.046000   2666.514025     -5.909052
+0.047000   2666.445708     -5.977370
+0.048000   2666.379852     -6.043226
+0.049000   2666.316452     -6.106626
+0.050000   2666.255500     -6.167577
+0.051000   2666.196993     -6.226085
+0.052000   2666.140923     -6.282154
+0.053000   2666.087285     -6.335792
+0.054000   2666.036074     -6.387004
+0.055000   2665.987282     -6.435796
+0.056000   2665.940905     -6.482173
+0.057000   2665.896936     -6.526141
+0.058000   2665.855371     -6.567707
+0.059000   2665.816202     -6.606876
+0.060000   2665.779425     -6.643653
+0.061000   2665.745033     -6.678045
+0.062000   2665.713021     -6.710056
+0.063000   2665.683384     -6.739694
+0.064000   2665.656115     -6.766963
+0.065000   2665.631209     -6.791869
+0.066000   2665.608660     -6.814418
+0.067000   2665.588462     -6.834616
+0.068000   2665.570611     -6.852467
+0.069000   2665.555099     -6.867978
+0.070000   2665.541923     -6.881155
+0.071000   2665.531075     -6.892002
+0.072000   2665.522551     -6.900526
+0.073000   2665.516346     -6.906732
+0.074000   2665.512452     -6.910625
+0.075000   2665.510866     -6.912212
+0.076000   2665.511581     -6.911497
+0.077000   2665.514592     -6.908486
+0.078000   2665.519893     -6.903184
+0.079000   2665.527480     -6.895598
+0.080000   2665.537346     -6.885732
+0.081000   2665.549486     -6.873592
+0.082000   2665.563895     -6.859183
+0.083000   2665.580567     -6.842511
+0.084000   2665.599497     -6.823581
+0.085000   2665.620679     -6.802399
+0.086000   2665.644109     -6.778969
+0.087000   2665.669780     -6.753298
+0.088000   2665.697688     -6.725390
+0.089000   2665.727827     -6.695251
+0.090000   2665.760192     -6.662886
+0.091000   2665.794777     -6.628301
+0.092000   2665.831578     -6.591500
+0.093000   2665.870588     -6.552490
+0.094000   2665.911803     -6.511274
+0.095000   2665.955218     -6.467860
+0.096000   2666.000827     -6.422251
+0.097000   2666.048625     -6.374453
+0.098000   2666.098607     -6.324471
+0.099000   2666.150767     -6.272310
+0.100000   2666.205101     -6.217976
